1 12.16315789473677
2 19.84539007092191
3 7.21945525291823
4 2.475187969924768
5 1.634482758620635
6 10.345907473309552
7 -10.227129337539411
8 -5.723404255319139
9 5.270033670033616
10 23.76344086021497
11 -4.3886287625418205
12 -9.108108108108086
13 32.024999999999885
14 0.15031055900617218
15 66.7235955056182
16 7.2741641337385445
17 4.203300330032953
18 -3.3904761904762246
19 -1.0813559322034365
20 5.613605442176823
21 -5.393146417445482
22 -1.2525547445255825
23 21.317263843648135
24 15.480442804427987
25 8.913432835820839
26 -5.571428571428566
27 2.8344827586206343
28 43.0
29 0.6701754385964485
30 16.677744807121584
31 1.1029702970296569
32 5.382089552238757
33 -3.0705882352941565
34 -6.181443298969061
35 49.44908424908441
36 -6.6657718120805125
37 -3.0000000000000355
38 -3.2956175298805164
39 -0.8441471571906689
40 -1.284210526315821
41 4.258064516128979
42 6.369774919614102
43 8.931034482758552
44 43.255052264808356
45 -4.419354838709692
46 83.52191235059794
47 30.868702290076243
48 -7.230670926517549
49 -0.38007662835252987
50 -1.3272727272727636
51 -0.18911564625854282
52 -5.873239436619707
53 4.458064516128982
54 34.68963210702331
55 8.885714285714226
56 34.620664206641955
57 -1.0805970149254094
58 12.422950819672081
59 -6.073239436619703
60 33.989473684210445
61 17.945205479451978
62 -9.774358974358954
63 -4.41194029850748
64 1.6909090909090487
65 63.6456140350879
66 36.11449814126385
67 -6.998019801980174
68 5.4136054421768165
69 10.35235109717862
70 5.670033670033618
71 -3.8000000000000327
72 -0.782771535580558
73 16.42857142857136
74 0.1862068965516812
75 8.800687285223294
76 86.58840579710164
77 -0.3183391003460585
78 -2.274074074074111
79 7.609815950920201
80 16.17464788732388
81 39.20216606498186
82 -5.494623655913978
83 16.699290780141773
84 1.9202952029519906
85 17.076923076922995
86 -0.7729729729730117
87 9.615686274509741
88 8.08813559322028
89 -6.073239436619703
90 -6.0209790209790075
91 6.571223021582668
92 4.733333333333281
93 -7.491719745222905
94 5.962264150943351
95 1.5714285714285232
96 -2.5222929936306073
97 21.44460966542743
98 -0.8441471571906725
99 -4.872727272727277
100 -2.0647058823529783
101 0.0697508896796748
102 -4.87272727272728
103 -4.695167286245367
104 -5.307006369426748
105 -2.5634069400631248
106 5.922222222222167
107 19.799999999999926
108 47.165079365079464
109 -5.9918367346938695
110 0.7714285714285296
111 5.13333333333328
112 -0.9333333333333762
113 -5.658536585365846
114 1.9003322259135729
115 23.1948051948051
116 -0.572972972973016
117 -3.0845849802371923
118 16.628571428571355
119 39.876923076922964
120 -0.02797202797207632
121 11.998501872659112
122 15.943820224719033
123 37.79999999999992
124 -4.939350180505425
125 -5.6209790209790125
126 14.81768707482987
127 14.769811320754634
128 8.237037037036973
129 1.1714285714285353
130 2.703030303030264
131 -6.061016949152529
132 -0.3840304182509833
133 -3.630976430976464
134 25.538028169014012
135 -3.833976833976859
136 9.887947882736107
137 -6.2419161676646535
138 12.745593869731742
139 29.466852367687913
140 7.890322580645094
141 6.901083032490924
142 -8.394366197183077
143 -6.933110367892953
144 14.556043956043894
145 -0.6962457337884338
146 11.066666666666599
147 -1.4842105263158203
148 8.87878787878783
149 -1.26397306397309
150 22.745454545454443
151 14.267796610169405
152 57.14838709677434
153 0.6701754385964485
154 21.844609665427434
155 2.2507462686566697
156 -7.872555205047295
157 28.790273556230893
158 -0.07378640776702383
159 -4.52418300653596
160 15.41403508771922
161 -6.851963746223534
162 22.645871559632937
163 2.6685314685314125
164 -4.478612716763015
165 2.588679245282975
166 4.133333333333287
167 -6.8419161676646425
168 -4.373684210526335
169 -7.327868852458991
170 23.007508532423124
171 10.17267080745335
172 2.405405405405361
173 -1.3849056603773882
174 -2.2408945686901234
175 8.610038610038533
176 5.569774919614105
177 -7.051162790697649
178 6.842293906809967
179 18.075862068965442
180 7.431884057970958
181 -4.635782747603846
182 1.0808664259927383
183 2.205405405405358
184 3.4675324675324255
185 9.661538461538406
186 -4.151351351351369
187 1.300332225913582
188 12.153191489361625
189 -4.110067114093976
190 7.371223021582676
191 -3.378546712802798
192 32.55947712418292
193 9.196491228070112
194 -4.621978021978036
195 7.296350364963445
196 -5.820979020979012
197 -3.4097560975610115
198 3.728404669260648
199 0.08101265822780235
200 25.661538461538385
201 -8.795092024539851
202 48.27208480565379
203 -3.1552795031056178
204 35.90229007633576
205 22.091536050156655
206 -1.4525547445255853
207 20.579935275080828
208 -4.259778597785997
209 1.649999999999956
210 -7.885057471264339
211 -6.261016949152529
212 -0.18683385579941003
213 -1.5413680781759282
214 -4.902189781021907
215 52.7787375415284
216 -6.797979797979773
217 -0.5183391003460613
218 -2.2889679715302798
219 34.06930091185398
220 18.599999999999923
221 -7.68505747126434
222 -6.074796747967463
223 0.5714285714285268
224 1.6219178082191306
225 -0.7189873417721913
226 -1.3973597359736303
227 0.17202797202793363
228 19.469964664310865
229 0.2701754385964428
230 38.004152249134876
231 5.167032967032924
232 66.78255033557099
233 14.014035087719222
234 4.373289902280089
235 1.0738351254479852
236 -8.449999999999974
237 -6.792156862745074
238 -5.398697068403905
239 13.743820224719009
240 3.490140845070375
241 -5.021192052980135
242 0.23225806451608833
243 -7.4849816849816655
244 -0.08755020080324272
245 17.61904761904755
246 2.308474576271138
247 -0.7375796178344274
248 -8.578397212543534
249 -0.9729729729730074
250 2.752647975077835
251 -4.119402985074647
252 62.68581314878911
253 68.16220472440966
254 -7.445161290322556
255 15.654545454545385
256 1.7029702970296583
257 -0.2027397260274455
258 109.97444933920733
259 6.411267605633746
260 44.84107744107759
261 -3.9575757575757855
262 5.92222222222216
263 2.251340996168544
264 -0.4137931034483273
265 35.36551724137918
266 -0.8813559322034337
267 -3.5886287625418376
268 11.040637450199142
269 6.298305084745714
270 27.41639344262289
271 47.874226804123836
272 -4.621978021978036
273 -1.852554744525591
274 -7.266445182724228
275 -0.9849056603773896
276 -4.373684210526335
277 3.3789473684210023
278 54.174294670846564
279 3.97328990228009
280 6.771223021582671
281 1.9167235494880117
282 -4.0114942528735895
283 8.112751677852295
284 45.576576576576684
285 7.090322580645115
286 -1.5454545454545787
287 -7.932075471698088
288 0.6808664259927397
289 -1.758974358974399
290 11.616326530612184
291 -3.6273972602740017
292 4.008695652173856
293 -0.6639730639731063
294 1.9597523219813802
295 4.479738562091455
296 14.168749999999925
297 8.174721189591018
298 -3.7863117870722682
299 12.802826855123598
300 15.814035087719226
301 2.00132450331121
302 29.29508196721303
303 7.312751677852301
304 -3.586311787072269
305 -5.981443298969065
306 -7.30739549839226
307 24.105610561055997
308 33.53409961685814
309 14.078260869565156
310 -4.52418300653596
311 -4.033976833976858
312 13.933333333333266
313 -4.0491803278688785
314 -0.23098591549300806
315 6.011267605633748
316 -4.9904761904761905
317 -0.9827715355805609
318 9.669257950529975
319 -4.324183006535968
320 21.911705685618642
321 -4.2491803278688725
322 14.77611940298501
323 11.59040590405899
324 8.112751677852295
325 -7.927868852458989
326 23.22176870748291
327 16.25263157894731
328 6.443205574912831
329 30.653012048192643
330 18.445390070921896
331 11.801273885350263
332 2.447133757961737
333 12.883660130718894
334 -2.8944444444444812
335 29.4780626780626
336 35.59706959706948
337 -2.6000000000000405
338 30.26870229007624
339 -8.249999999999975
340 -6.861016949152518
341 40.32307692307677
342 -6.811764705882325
343 -6.916030534351123
344 1.812244897959129
345 -7.392156862745072
346 -3.3244755244755595
347 39.864359861591616
348 -9.450847457627097
349 9.345907473309545
350 -1.5704918032787205
351 91.7878787878791
352 -6.793272171253793
353 15.551633986928032
354 1.8182509505702988
355 -2.4650176678445597
356 11.241176470588165
357 39.26123778501618
358 1.9030303030302491
359 75.73846153846172
360 9.26228373702417
361 26.419178082191692
362 2.4344827586206392
363 -4.131360946745584
364 76.01597444089495
365 7.101083032490926
366 4.834586466165355
367 4.92222222222216
368 0.7262135922329698
369 4.185422740524725
370 -6.473239436619695
371 70.21764705882377
372 5.6838709677418855
373 -3.177952755905544
374 6.282758620689602
375 6.763636363636309
376 -3.8838905775076213
377 11.933546325878538
378 3.622591362126201
379 32.943944636678104
380 20.647457627118555
381 55.51523178807962
382 -4.297689768976914
383 -3.70864197530868
384 50.769465648855075
385 7.114285714285664
386 -2.4441471571906703
387 -1.2441471571906675
388 3.5078651685392757
389 15.323322683705996
390 -2.638596491228107
391 47.01958041958052
392 37.527044025157146
393 -2.2765273311897474
394 17.323322683705996
395 7.230036630036569
396 -6.998019801980174
397 14.31764705882346
398 61.21984732824444
399 -1.264705882352981
400 49.6911877394637
401 4.288235294117591
402 10.026523297490975
403 5.914285714285654
404 8.230036630036576
405 1.1003322259135828
406 -0.3076923076923457
407 54.60000000000015
408 -2.724475524475558
409 1.6641975308641541
410 26.302875399360914
411 -0.33757961783443236
412 9.007092198581486
413 25.315057915057785
414 45.906148867314045
415 54.08888888888907
416 9.527526132404113
417 34.615730337078546
418 -2.8620689655172775
419 8.400687285223299
420 11.666666666666586
421 12.784732824427415
422 17.619047619047556
423 47.352941176470665
424 6.833070866141682
425 -4.859778597785985
426 52.31208791208809
427 31.62222222222212
428 -3.578546712802794
429 11.495890410958829
430 3.3148936170212266
431 11.222950819672079
432 -5.507006369426744
433 16.511627906976663
434 5.364261168384825
435 8.531034482758546
436 28.05915492957739
437 -3.1589743589743904
438 -4.849180327868856
439 0.577777777777726
440 28.51454005934709
441 72.3202846975092
442 30.699999999999925
443 10.215686274509736
444 -2.6385964912281032
445 12.4535211267605
446 39.02857142857133
447 24.691390728476705
448 8.544262295081914
449 1.8675324675324205
450 28.657142857142745
451 5.683870967741893
452 1.0808664259927383
453 19.27318611987375
454 -2.1222929936306016
455 32.25454545454532
456 48.112062256809466
457 48.47422680412387
458 4.1642611683848365
459 5.962264150943351
460 6.411267605633746
461 43.3245674740485
462 -6.9918367346938535
463 25.02047781569958
464 49.409252669039276
465 27.13953488372084
466 40.864359861591616
467 36.644444444444325
468 -6.865771812080512
469 -3.709215017064871
470 -0.4027397260274448
471 -0.9543624161074113
472 -6.260869565217371
473 38.88458781361995
474 3.608695652173857
475 4.729692832764449
476 36.365517241379195
477 -0.4027397260274448
478 30.29508196721305
479 6.963636363636308
480 16.36258992805748
481 18.27567567567558
482 25.033449477351787
483 47.585915492957895
484 25.456187290969808
485 44.26755852842817
486 15.9770114942528
487 13.616077170417952
488 17.338368580060354
489 -6.115662650602392
490 33.76744186046499
491 125.20790513834038
492 8.713677811550085
493 1.1204819277107916
494 12.153191489361632
495 10.134831460674086
496 0.16901408450700117
497 11.97931034482751
498 124.31717171717222
499 5.3142857142856705
500 9.207092198581488
501 27.44912280701744
502 7.545907473309548
503 -6.591836734693857
504 69.21393728223013
505 58.18350515463938
506 -5.166666666666671
507 48.232653061224596
508 46.09181494661934
509 22.944055944055847
510 44.53851590106012
511 45.60000000000011
512 -10.076729559748406
513 -1.274074074074111
514 56.687640449438376
515 45.09829351535849
516 21.711705685618647
517 75.25365853658562
518 41.17073170731694
519 4.357046979865721
520 5.765034965034911
521 39.97627118644052
522 9.968345323740941
523 -2.7292418772563565
524 47.706766917293336
525 19.831578947368328
526 3.33413173652691
527 4.898305084745694
528 12.43636363636356
529 22.56344086021496
530 9.015686274509736
531 0.5769784172661403
532 54.1152542372882
533 2.847133757961739
534 5.8116991643453595
535 -2.8321981424148888
536 26.7749999999999
537 -4.551351351351361
538 14.202605863192126
539 20.141516245487303
540 0.0697508896796748
541 -5.70700636942674
542 1.90033222591358
543 24.55075987841932
544 38.88458781361995
545 -2.510032362459576
546 13.576119402985007
547 2.2499999999999574
548 65.67349823321572
549 22.63511450381671
550 0.8117647058823003
551 3.3125827814568964
552 70.42341137123776
553 -8.251376146788967
554 57.3501706484644
555 30.26896551724129
556 1.2507462686566733
557 -5.894076655052258
558 17.795031055900495
559 37.91780821917798
560 13.424161073825445
561 -6.529729729729709
562 68.67761194029875
563 18.272180451127724
564 16.379865771812
565 16.42274247491632
566 54.42807017543875
567 -4.939350180505425
568 9.220118343195189
569 0.5262135922329705
570 16.42194357366764
571 -0.6380952380952749
572 29.025850340135968
573 5.683720930232511
574 -4.510067114093971
575 19.42206405693942
576 34.922981366459524
577 27.099999999999852
578 111.49888475836468
579 43.428116710875315
580 17.704950495049403
581 40.084210526315694
582 55.08571428571446
583 42.411960132890314
584 -8.907317073170706
585 1.6122448979591475
586 37.16494845360811
587 12.083660130718883
588 35.893150684931406
589 46.333333333333414
590 12.73333333333327
591 -1.6842105263158231
592 49.6085808580859
593 -9.195845697329352
594 5.998705501618073
595 59.57868338558012
596 8.314176245210664
597 26.8192439862542
598 -4.240894568690107
599 6.535689045936344
600 11.416326530612189
601 45.05168539325855
602 -4.741176470588247
603 32.91409395973139
604 93.13333333333378
605 94.14285714285751
606 -5.798586572438154
607 78.66384364820897
608 8.53584905660372
609 34.781818181818046
610 2.9692307692307196
611 3.4284697508896365
612 3.207751937984451
613 12.733333333333256
614 -4.0639730639730764
615 104.935766423358
616 30.548201438848807
617 25.42489959839348
618 5.087719298245553
619 21.657057057056925
620 17.675862068965444
621 79.43492063492107
622 1.1030303030302662
623 3.920634920634864
624 62.084210526316014
625 1.6122448979591475
626 -1.9454545454545809
627 1.005405405405373
628 35.335825545171254
629 22.003533568904487
630 0.28166089965393937
631 120.44347826086994
632 1.5081967213114424
633 9.29589041095884
634 6.087719298245556
635 54.066165413533966
636 -7.0664451827242285
637 4.802076124567439
638 38.5590733590732
639 -0.9298245614035388
640 22.846979865771686
641 28.371841155234563
642 18.779935275080824
643 67.84615384615402
644 91.88387096774235
645 40.8502994011975
646 -4.071186440677991
647 5.164261168384812
648 -4.764102564102572
649 57.383505154639366
650 1.704029304029266
651 55.40308880308899
652 46.89934640522888
653 27.761128526645663
654 63.66315789473711
655 -0.3891156462585421
656 53.02560553633229
657 -1.9868338557993965
658 31.357894736842006
659 -3.8838905775076213
660 8.135849056603725
661 3.9333333333332803
662 77.65365853658557
663 1.8507462686566711
664 65.64529616724758
665 86.91578947368465
666 5.922222222222164
667 11.133546325878541
668 25.536908517350064
669 11.007792207792136
670 52.14232209737844
671 4.8679127725856155
672 74.75151515151549
673 6.785365853658469
674 84.38616352201298
675 -8.681481481481457
676 113.12870662460617
677 15.46666666666659
678 12.518918918918843
679 -2.952112676056373
680 66.96666666666694
681 56.59233449477365
682 41.80494699646633
683 -4.144186046511646
684 65.07272727272752
685 27.220689655172322
686 16.44525547445246
687 30.89206349206338
688 59.89593495934973
689 -0.2312056737589181
690 48.21538461538471
691 -5.05977859778598
692 8.100369003689988
693 -5.894076655052258
694 2.5030303030302647
695 41.529411764705806
696 36.82686567164168
697 38.62835249042132
698 55.465753424657734
699 0.17202797202793363
700 82.20063897763632
701 17.01904761904754
702 18.556146179401885
703 24.432432432432357
704 8.927526132404104
705 15.369811320754664
706 32.03356643356631
707 43.41935483870972
708 28.243835616438275
709 35.090909090908944
710 22.76332179930789
711 29.09150326797377
712 0.9003344481604927
713 35.61951219512174
714 43.710144927536284
715 50.72631578947383
716 4.882758620689607
717 22.763440860214956
718 30.846416382252464
719 59.7396226415096
720 17.322807017543767
721 -1.5076923076923485
722 1.001324503311217
723 -7.127607361963159
724 48.55652173913056
725 13.53888888888882
726 -12.3720930232558
727 0.29090909090905015
728 82.72592592592633
729 36.333333333333215
730 5.164261168384812
731 123.01130742049531
732 101.10747330960905
733 224.91020408163345
734 -9.749458483754486
735 3.712582781456902
736 134.35849056603823
737 2.049999999999958
738 -0.8380952380952706
739 136.51061093247665
740 20.181249999999935
741 -6.322184300341281
742 71.7111111111114
743 99.20000000000037
744 40.83129251700669
745 19.993050193050102
746 91.96164383561691
747 139.97054263565957
748 121.27179487179558
749 -5.019354838709679
750 53.51523178807959
751 53.149295774648095
752 181.23391003460267
753 70.2511627906979
754 -12.139837398373958
755 2.6358208955223397
756 106.03713355048927
757 4.567032967032922
758 27.05925925925915
759 67.70578512396709
760 94.85714285714357
761 9.239039039038968
762 51.19124087591257
763 59.76969696969718
764 -5.364102564102559
765 1.5999999999999552
766 34.057142857142736
767 15.26334519572945
768 213.80563380281836
769 46.768807339449666
770 9.261538461538407
771 15.58048780487794
772 -1.7776951672862786
773 30.38947368421043
774 -0.6137931034483195
775 33.09343065693419
776 5.496350364963426
777 86.91152416356914
778 -0.9076923076923435
779 51.9588235294119
780 -7.5932721712537905
781 76.49825783972148
782 -3.0944444444444805
783 116.58378378378413
784 34.199999999999896
785 89.40000000000025
786 54.105263157894896
787 37.86123778501615
788 67.6917431192665
789 78.30486891385804
790 144.59188191881978
791 11.155631399317336
792 22.278405315614513
793 1.058064516128983
794 77.69685534591251
795 19.282051282051206
796 -1.7589743589743954
797 14.369811320754636
798 51.992592592592686
799 4.23184713375791
800 20.737588652482145
801 69.75311355311375
802 1.0122448979591496
803 11.122491349480896
804 66.26060606060626
805 4.93333333333328
806 29.99661016949134
807 0.6052631578947008
808 148.80219780219852
809 152.1925093632966
810 9.026523297490964
811 45.758823529411885
812 19.285714285714207
813 33.31409395973141
814 108.81273408239753
815 27.668702290076226
816 -13.72602739726026
817 -12.879245283018854
818 28.69999999999991
819 75.28571428571449
820 27.41924398625421
821 18.80528052805267
822 34.00390879478817
823 90.87547169811342
824 58.06166007905168
825 79.94156378600863
826 8.799999999999919
827 1.525619834710696
828 12.520547945205415
829 38.48970099667762
830 13.157615894039637
831 58.90209790209806
832 17.442906574394385
833 73.22105263157935
834 -7.472727272727235
835 92.36164383561683
836 -8.327868852458987
837 63.84081632653081
838 118.3721611721617
839 6.745907473309561
840 13.617687074829867
841 185.36090225564075
842 2.9732899022800936
843 8.469257950529968
844 81.72352941176504
845 63.36410256410275
846 58.34551495016626
847 22.105610561055975
848 -2.793548387096809
849 2.8021201413427086
850 1.4507462686566654
851 86.74776632302446
852 -2.8031746031746465
853 33.76744186046496
854 7.895238095238035
855 140.5649122807024
856 47.648322147651086
857 39.472354948805375
858 122.06666666666734
859 68.27517730496491
860 2.251282051282004
861 -15.05420560747662
862 -3.5785467128027904
863 87.74754098360711
864 4.767032967032922
865 30.071641791044684
866 7.861538461538398
867 -8.445161290322556
868 42.48108108108099
869 18.948051948051862
870 172.8691029900342
871 35.143065693430515
872 56.096096096096204
873 19.16722408026748
874 16.379865771812014
875 140.64651162790776
876 140.93150684931567
877 13.562589928057498
878 13.214035087719225
879 34.266666666666545
880 138.5521885521895
881 17.309090909090777
882 16.70996563573877
883 59.425605536332355
884 -8.656140350877171
885 -0.5817490494296891
886 -2.1543624161074106
887 2.778947368421001
888 35.84106463878315
889 171.15622895623002
890 110.26274509803994
891 62.283032490974975
892 47.53381294964041
893 187.0746268656723
894 73.70110701107042
895 25.452427184465932
896 0.03225806451607838
897 70.5882352941184
898 111.71683168316915
899 -3.4000000000000306
900 -1.6848484848485121
901 50.451757188498505
902 8.559689922480562
903 115.36216216216289
904 76.94110032362502
905 67.40000000000029
906 32.14006734006724
907 9.06925795052997
908 193.56825396825496
909 73.7656357388319
910 10.641176470588164
911 24.737102473498126
912 5.437037037036976
913 -6.998019801980174
914 2.914893617021221
915 15.472727272727177
916 103.6951566951573
917 59.68581314878911
918 -1.4848484848485128
919 49.935593220339115
920 4.374100719424408
921 40.19938080495341
922 36.54944237918198
923 68.20206185567054
924 3.373289902280085
925 144.01305637982284
926 104.0410256410261
927 5.637037037036983
928 -13.369675090252693
929 87.7541984732828
930 66.76666666666704
931 -2.052554744525583
932 42.71034482758619
933 74.51023622047279
934 11.657142857142794
935 207.19863481228808
936 -14.41533546325877
937 50.60397350993391
938 200.37142857142987
939 26.02352941176462
940 6.822950819672101
941 96.05714285714309
942 216.1451957295385
943 36.07407407407389
944 92.73513513513544
945 0.41176470588231595
946 5.614965986394484
947 14.980487804877932
948 19.947239263803624
949 139.32013201320288
950 108.75179153094524
951 11.46666666666659
952 21.05405405405395
953 -0.962616822429947
954 51.48571428571441
955 199.61025641025734
956 2.3588850174215565
957 121.85714285714349
958 -13.56170212765956
959 68.67152317880834
960 52.36797153024925
961 85.05306122449025
962 0.6901408450703848
963 40.42657342657332
964 189.85714285714434
965 -5.227397260273966
966 225.79060402684664
967 218.20823970037523
968 83.4135593220342
969 11.824161073825444
970 27.090322580645072
971 153.12319391635094
972 8.114176245210668
973 14.901639344262236
974 -2.052554744525583
975 65.82710622710647
976 -12.655016181229753
977 11.374647887323853
978 24.480239520957973
979 -2.9454545454545773
980 124.22130584192502
981 98.84913494809759
982 144.12307692307783
983 96.31351351351394
984 -15.782456140350867
985 33.67137809187261
986 105.86394557823223
987 41.791780821917705
988 47.443037974683634
989 165.81791044776193
990 97.35974440894653
991 -8.06577181208051
992 5.735689045936347
993 108.5169811320761
994 -3.0385964912281054
995 6.0666666666666025
996 91.64210526315837
997 24.17014925373126
998 22.763321799307867
999 76.32987012987047
1000 168.44054982818008
1001 75.00000000000053
1002 2.5789473684210087
1003 83.59550561797792
1004 46.655172413793295
1005 3.842293906809985
1006 6.532394366197135
1007 -0.8312056737589089
1008 47.08235294117658
1009 167.40000000000128
1010 127.56656346749313
1011 76.2791208791213
1012 19.54639175257722
1013 74.38649517684928
1014 40.284210526315675
1015 9.073539518900272
1016 9.123456790123395
1017 -1.9704918032787262
1018 -7.988593155893511
1019 -3.265017667844557
1020 -3.830976430976456
1021 80.73357400722057
1022 -1.7973597359736289
1023 117.72103559870638
1024 157.7922330097098
1025 41.286053412462735
1026 78.73793103448314
1027 -6.366666666666646
1028 278.48395061728354
1029 41.659770114942376
1030 404.6048780487758
1031 86.00645161290355
1032 77.36737588652534
1033 -4.788628762541812
1034 35.97627118644048
1035 103.18095238095302
1036 443.0460481099602
1037 148.0611111111122
1038 -7.6560260586318964
1039 98.09774436090282
1040 -0.030769230769273292
1041 -5.11798107255521
1042 28.09822064056931
1043 91.61648745519746
1044 137.15218855218959
1045 16.15614617940186
1046 45.5559322033899
1047 239.38020477815826
1048 14.111627906976643
1049 142.20419580419684
1050 286.87586206896424
1051 3.4330330330329772
1052 -6.169741697416939
1053 69.06315789473705
1054 161.28036253776528
1055 228.8545454545473
1056 -6.77897897897895
1057 45.49181494661936
1058 -5.835782747603821
1059 0.4738351254479838
1060 10.935483870967666
1061 55.35668789808935
1062 -6.528173374612976
1063 259.0121863799283
1064 -1.820143884892122
1065 3.191194968553404
1066 48.432490974729376
1067 -6.378978978978957
1068 89.47413127413185
1069 340.29399293286195
1070 203.70299003322444
1071 61.43030303030325
1072 34.19706959706948
1073 -7.710344827586178
1074 192.66163522012718
1075 -8.366459627329167
1076 223.1535580524351
1077 136.88524590164016
1078 14.083018867924459
1079 -1.37769516728628
1080 -10.993277310924343
1081 22.944525547445153
1082 11.1847328244274
1083 65.51823899371098
1084 220.45051194539383
1085 4.929692832764445
1086 583.4498194945782
1087 292.06423357664244
1088 70.782781456954
1089 -12.31111111111109
1090 127.09457364341182
1091 -8.056026058631895
1092 16.69051490514898
1093 169.5333333333348
1094 168.5868852459028
1095 99.72394366197216
1096 32.71449814126382
1097 135.81180811808187
1098 253.2279569892475
1099 167.46567164179214
1100 408.4030075187926
1101 213.7272727272737
1102 -13.799293286219067
1103 150.42165605095622
1104 -2.279704797048005
1105 107.14965034965087
1106 327.79999999999876
1107 212.78850574712808
1108 259.02857142857187
1109 7.100369003689977
1110 51.74707903780086
1111 138.6745098039224
1112 107.08669201520948
1113 71.11079136690675
1114 -8.707395498392255
1115 291.0240282685513
1116 315.3209302325573
1117 145.42033898305144
1118 -13.910489510489494
1119 53.10909090909105
1120 11.044444444444323
1121 130.350183150184
1122 100.77241379310401
1123 20.691503267973687
1124 172.4691029900343
1125 70.29174311926639
1126 38.79047619047607
1127 97.16111111111182
1128 60.50126582278503
1129 213.8857142857157
1130 31.38947368421043
1131 418.13202614378696
1132 78.84705882352974
1133 174.3436241610749
1134 163.08571428571508
1135 49.714285714285865
1136 -6.164102564102542
1137 2.0947368421052133
1138 333.4050314465374
1139 70.2012422360251
1140 198.0626865671654
1141 -5.581818181818175
1142 74.80206185567052
1143 135.49808917197527
1144 33.0444444444443
1145 61.63945578231312
1146 99.27854984894316
1147 138.50684931506888
1148 91.89189189189227
1149 13.019607843137145
1150 0.7837837837837078
1151 130.80199335548252
1152 -5.124183006535947
1153 85.33581661891179
1154 682.2878228782181
1155 95.1868613138689
1156 285.5333333333335
1157 226.39723183391138
1158 19.82040816326522
1159 1.7333333333332952
1160 1.3625468164793588
1161 519.5060070671343
1162 28.914285714285562
1163 5.365034965034901
1164 -13.673684210526302
1165 261.46535947712437
1166 89.26366559485574
1167 140.06591760299668
1168 40.926315789473456
1169 86.34204946996506
1170 155.46141732283544
1171 49.40759493670896
1172 107.21955835962208
1173 241.63536977491958
1174 84.73740458015291
1175 39.757575757575644
1176 13.496167247386687
1177 80.80645161290362
1178 73.8383561643839
1179 242.2654205607481
1180 6.630036630036585
1181 245.3489361702142
1182 277.016058394161
1183 173.82773722627846
1184 15.104191616766364
1185 368.2758620689637
1186 291.6518518518513
1187 227.7302931596105
1188 60.094117647059136
1189 236.95960912052192
1190 45.942857142857235
1191 214.2918918918932
1192 245.95018587360647
1193 121.91461988304144
1194 55.3052631578949
1195 798.5335640138305
1196 30.892063492063407
1197 -14.161092150170631
1198 -16.530407523510963
1199 82.37142857142895
1200 56.9849624060152
1201 198.800000000001
1202 32.05938566552891
1203 -14.659740259740245
1204 60.31942446043183
1205 266.79391634980976
1206 211.20481099656433
1207 47.66666666666681
1208 218.6853503184724
1209 201.8398791540798
1210 54.10209790209828
1211 222.4929368029751
1212 232.51428571428733
1213 35.22025316455683
1214 -0.8602230483271995
1215 133.81848184818566
1216 447.3007633587754
1217 42.088524590163885
1218 245.1584775086505
1219 35.61963190184041
1220 177.36352583586748
1221 262.07407407407476
1222 130.67058823529476
1223 251.21843971631233
1224 753.3254480286639
1225 393.7140794223804
1226 11.721299638989102
1227 66.83363914373118
1228 220.10354609929212
1229 103.65882352941235
1230 100.08571428571456
1231 45.64528301886804
1232 412.43180212014
1233 310.5705882352938
1234 32.82516556291378
1235 231.15194346289823
1236 56.00634920634971
1237 280.39633699633623
1238 82.80000000000027
1239 94.18540145985476
1240 297.9724137931024
1241 95.05714285714339
1242 74.81611721611779
1243 113.64915824915889
1244 361.53623188405544
1245 120.47050359712284
1246 568.6166666666618
1247 548.3868852458922
1248 315.37044673539367
1249 44.18888888888897
1250 136.55849056603822
1251 316.50676156583546
1252 81.75516014234918
1253 615.1257328990109
1254 5.287719298245552
1255 559.146964856224
1256 75.18333333333375
1257 112.238759689923
1258 86.47657992565088
1259 308.2409356725146
1260 296.3906137184107
1261 67.91023102310261
1262 42.5671232876712
1263 332.15971731448667
1264 127.49152542372923
1265 130.20000000000056
1266 96.12394366197225
1267 284.9582822085883
1268 384.3475655430696
1269 451.97202797202505
1270 123.48624535316026
1271 519.0274509803886
1272 188.32158054711383
1273 293.7286173633431
1274 251.08679245283025
1275 334.0582524271816
1276 452.91578947368015
1277 14.138888888888808
1278 135.9408450704235
1279 274.90909090909116
1280 96.14545454545488
1281 6.184210526315734
1282 370.1927797833909
1283 306.05573770491725
1284 113.51428571428622
1285 126.60371747211954
1286 149.8675159235675
1287 877.1999999999875
1288 741.1498069497981
1289 306.58831615120175
1290 117.61060070671408
1291 525.0188153310038
1292 242.94782608695635
1293 414.6485207100564
1294 -0.9840304182509847
1295 175.6368231046941
1296 262.38947368420975
1297 248.67526881720443
1298 226.41052631579015
1299 283.133333333333
1300 276.5993265993263
1301 258.2061433447099
1302 102.86822742474968
1303 237.1764705882352
1304 312.1188811188807
1305 196.89659863945622
1306 515.2687022900733
1307 290.9228668941974
1308 1.8284697508896244
1309 666.4285714285627
1310 324.36383763837574
1311 428.7491749174893
1312 328.4406779661004
1313 553.9376947040427
1314 605.1621621621548
1315 239.81016949152524
1316 186.89803921568776
1317 138.7846689895475
1318 513.3419354838668
1319 778.1999999999935
1320 330.03894389438824
1321 305.2648648648647
1322 53.724590163934664
1323 130.35308641975354
1324 461.1828793774295
1325 300.16249999999883
1326 258.5254901960786
1327 806.1499999999872
1328 315.1877133105787
1329 29.890322580645083
1330 -4.145454545454562
1331 241.47878787878756
1332 108.4165413533839
1333 29.8689655172413
1334 278.2610687022901
1335 339.3745019920304
1336 445.6718954248333
1337 -14.36109215017063
1338 286.4233236151599
1339 305.2240282685509
1340 249.43678929765957
1341 363.37142857142715
1342 201.45838509316837
1343 282.4823529411764
1344 120.33511705685677
1345 276.7813953488366
1346 81.76107382550363
1347 310.62093862815743
1348 568.887591240871
1349 320.22614840989297
1350 751.0601880877584
1351 273.56783216783214
1352 431.4888888888858
1353 328.3723905723893
1354 53.119298245614175
1355 6.999999999999904
1356 419.5614147909929
1357 443.65454545454156
1358 268.21824104234526
1359 270.4693498452013
1360 393.9724137931006
1361 537.3597315436213
1362 73.83455149501678
1363 199.62262996942025
1364 74.08965517241425
1365 360.90479233226716
1366 196.88339222614934
1367 327.5611111111106
1368 391.60824742267886
1369 121.83916083916117
1370 571.8292358803931
1371 623.7799256505539
1372 525.028571428567
1373 42.94984894259819
1374 292.5594684385374
1375 287.96221498371324
1376 344.8084507042249
1377 61.54436090225583
1378 204.4684210526326
1379 387.1428571428542
1380 280.47032967032897
1381 372.15326460480964
1382 325.1103448275854
1383 248.37610062893077
1384 56.15668789808933
1385 310.6
1386 303.8482269503537
1387 360.7288135593202
1388 320.68937728937595
1389 235.2449511400659
1390 149.2902654867263
1391 868.309859154911
1392 296.64520123839003
1393 229.55709779179932
1394 87.40000000000028
1395 335.8571428571426
1396 49.533812949640435
1397 251.09230769230714
1398 137.2705882352944
1399 639.8327526132346
1400 404.99661016948926
1401 252.36923076923046
1402 668.3283018867878
1403 388.1133956386268
1404 323.0815884476513
1405 33.41573033707855
1406 355.9516778523474
1407 372.6405228758156
1408 628.1123674911616
1409 67.06315789473716
1410 321.3638376383753
1411 293.4052287581696
1412 224.07296416938246
1413 51.661980830671126
1414 234.9851851851855
1415 154.92903225806583
1416 45.11392405063302
1417 767.4606741572969
1418 871.140065146563
1419 251.81686746987987
1420 338.8488294314365
1421 379.33333333333235
1422 -14.595611285266443
1423 -0.8048632218845313
1424 122.71428571428612
1425 304.09473684210354
1426 308.5635179153089
1427 339.5055555555549
1428 451.63278688524355
1429 562.1695817490448
1430 693.984172661859
1431 356.351677852348
1432 645.5898734177138
1433 323.8830449826981
1434 12.305263157894665
1435 340.7095890410949
1436 -3.871186440677995
1437 321.0982248520703
1438 64.31506849315093
1439 500.75555555555195
1440 154.75655430711646
1441 122.3351170568568
1442 540.9862595419816
1443 272.8785942492014
1444 337.4588235294111
1445 104.35254237288173
1446 283.5796178343935
1447 328.24878048780374
1448 30.357894736842
1449 355.1835616438342
1450 922.2999999999926
1451 221.3167173252293
1452 449.49520295202734
1453 437.633540372665
1454 224.31020408163334
1455 889.7959183673387
1456 281.88253968253906
1457 38.12198581560272
1458 10.037113402061777
1459 355.52222222222093
1460 263.2374269005843
1461 698.8231884057926
1462 650.414814814805
1463 734.5564202334563
1464 901.9301115241518
1465 405.6224783861631
1466 897.2258992805631
1467 695.3419847328198
1468 424.76170212765817
1469 919.1076923076786
1470 881.0917197452023
1471 215.99326599326739
1472 428.266225165561
1473 392.1333333333305
1474 204.21290322580694
1475 -2.220143884892124
1476 238.87123287671187
1477 233.27272727272822
1478 132.94487632508873
1479 182.96666666666775
1480 223.2270627062713
1481 120.89382716049437
1482 467.8571428571385
1483 426.4886297376071
1484 376.74423791821357
1485 855.5826086956447
1486 -3.31910112359553
1487 77.10791366906508
1488 458.5587301587263
1489 266.34765100671086
1490 287.95018050541404
1491 765.205992509356
1492 401.6015325670465
1493 359.20821917808075
1494 644.7368421052554
1495 287.84207119740984
1496 852.4879377431838
1497 264.9919463087244
1498 268.5128205128205
1499 235.3621621621626
1500 633.5815602836838
1501 317.12587412587334
1502 292.3454545454534
1503 303.3560283687937
1504 314.4116788321165
1505 313.84822695035416
1506 205.0822429906557
1507 113.30267062314573
1508 316.44119850187155
1509 344.2345679012335
1510 9.196491228070116
1511 473.3531914893592
1512 538.4904109588996
1513 501.4696864111462
1514 387.35474452554587
1515 345.4402684563739
1516 110.48897338403083
1517 748.3491525423642
1518 327.08888888888737
1519 308.81772151898696
1520 275.341007194244
1521 624.3130434782549
1522 563.1818181818128
1523 156.58064516129087
1524 259.3499999999998
1525 189.53211009174439
1526 398.6273291925429
1527 525.4711864406729
1528 111.13529411764739
1529 201.53746312684436
1530 890.5785467127947
1531 346.7944055944047
1532 594.9507246376774
1533 215.89206349206407
1534 589.7947712418239
1535 155.14584837545164
1536 522.6377358490518
1537 207.68947368421104
1538 3.870033670033621
1539 4.00330033003295
1540 103.60000000000076
1541 879.9984732824355
1542 305.75403726707884
1543 842.9421052631461
1544 433.91649831649494
1545 397.81694915253985
1546 407.0179104477582
1547 349.70449826989505
1548 538.0338762214931
1549 387.1684210526284
1550 716.8305084745671
1551 516.7710914454249
1552 387.6076124567462
1553 279.87762039659935
1554 885.3041095890276
1555 868.0285714285576
1556 902.7064935064773
1557 104.25714285714322
1558 451.3082802547717
1559 270.1993079584771
1560 295.08211920529726
1561 686.2366197183029
1562 259.78127090301035
1563 447.6339622641469
1564 321.8222996515668
1565 44.710144927536334
1566 269.5333333333326
1567 380.93103448275605
1568 279.15820895522285
1569 30.57175141242925
1570 749.288212927746
1571 126.6026143790858
1572 306.9896103896102
1573 115.52201257861697
1574 221.8252491694365
1575 619.2315789473612
1576 242.65156794425116
1577 649.8794520547887
1578 551.5560975609701
1579 258.3975232198146
1580 316.79999999999865
1581 290.75384615384587
1582 319.1298245614016
1583 212.26451612903264
1584 648.3337539432098
1585 8.309677419354777
1586 873.2771929824416
1587 138.65106382978797
1588 122.71428571428618
1589 514.550830564779
1590 182.92064777328022
1591 418.0965732087192
1592 13.504290429042832
1593 349.7433447098955
1594 343.3591836734685
1595 264.9840707964591
1596 398.26760563380043
1597 378.2827586206869
1598 62.55384615384631
1599 397.7027027027012
1600 344.19999999999817
1601 316.78749999999906
1602 322.1704918032778
1603 321.5999999999997
1604 898.6666666666555
1605 276.1993265993263
1606 188.01538461538513
1607 126.06666666666723
1608 365.6871080139347
1609 321.6068728522325
1610 309.79139784946085
1611 240.11764705882388
1612 35.0731707317072
1613 507.5465703971081
1614 876.6444444444301
1615 578.9463414634081
1616 118.01584158415892
1617 849.3065693430506
1618 509.53442622950365
1619 379.8140350877162
1620 449.1238938053075
1621 376.0435643564343
1622 250.14805194805223
1623 289.53877551020355
1624 246.28205128205138
1625 862.3561643835476
1626 1.4808664259927369
1627 222.72328767123327
1628 205.62409638554337
1629 512.3333333333285
1630 293.3096573208719
1631 401.9407166123759
1632 145.8888888888896
1633 589.7404682274196
1634 507.6666666666614
1635 454.717557251906
1636 799.4487804877956
1637 15.60260586319211
1638 0.050980392156823484
1639 238.59444444444495
1640 893.1013698629959
1641 201.35524475524528
1642 20.981102362204638
1643 507.76179775280576
1644 406.5986754966867
1645 385.65217391304157
1646 115.78378378378432
1647 -14.228013029315946
1648 354.241584158414
1649 282.33333333333326
1650 536.333812949636
1651 876.0753623188339
1652 298.07042253521087
1653 513.0335664335635
1654 98.21666666666712
1655 417.90479704796854
1656 82.26689895470402
1657 884.0166007905087
1658 262.7243243243243
1659 389.7616724738648
1660 415.0201438848892
1661 603.5759398496178
1662 544.4843853820547
1663 382.006249999998
1664 425.33054662379016
1665 130.32500000000056
1666 228.69910979228624
1667 230.31167192429157
1668 477.424161073823
1669 344.5377926421398
1670 267.1134502923975
1671 344.3999999999983
1672 125.00000000000063
1673 14.454545454545375
1674 154.87843137254941
1675 99.06514657980509
1676 292.69325153374143
1677 24.149128919860516
1678 283.0941176470578
1679 311.8376237623755
1680 137.347368421053
1681 263.16363636363553
1682 397.7263157894697
1683 372.0909090909069
1684 501.05714285713856
1685 474.9712230215785
1686 473.66153846153463
1687 884.1999999999871
1688 860.4892988929831
1689 172.28571428571485
1690 255.21003134796183
1691 111.74965034965066
1692 906.4788530465854
1693 892.3069597069527
1694 57.872791519434756
1695 620.8966789667865
1696 602.2052631578878
1697 726.4666666666585
1698 365.44179104477377
1699 568.8052980132411
1700 347.309589041094
1701 574.260150375933
1702 297.45454545454413
1703 407.0067796610144
1704 213.98808777429574
1705 616.0801444043275
1706 370.86357615893826
1707 906.6779922779764
1708 119.0447653429606
1709 345.5055555555547
1710 616.2302405498224
1711 234.13702422145374
1712 160.12820512820585
1713 296.1654320987653
1714 894.6641509433898
1715 271.5431734317338
1716 257.3224489795914
1717 303.1169811320744
1718 263.76725978647676
1719 52.31065292096237
1720 160.2471910112364
1721 888.4656488549542
1722 142.65084745762755
1723 40.829931972789
1724 336.6333333333331
1725 222.8919254658389
1726 335.4426229508185
1727 147.81209964412884
1728 918.5999999999867
1729 840.563636363624
1730 369.6716049382695
1731 317.1277777777773
1732 904.4219780219701
1733 569.7437308868432
1734 706.3611111111014
1735 672.6341085271283
1736 867.4345323740855
1737 609.4923076923036
1738 405.2834834834804
1739 140.69859154929648
1740 566.9797101449192
1741 407.7891156462565
1742 377.542857142855
1743 151.52013201320204
1744 443.61869158878216
1745 617.0787878787835
1746 315.13550488599276
1747 416.85974025973775
1748 721.9788778877825
1749 881.5314685314539
1750 675.4226415094275
1751 870.5882352940978
1752 553.554838709673
1753 360.97142857142654
1754 229.08909657321018
1755 72.01764705882375
1756 -5.171428571428574
1757 504.2243902438993
1758 153.9133858267723
1759 310.9344262295071
1760 877.6728624535208
1761 884.5179810725444
1762 339.62657807308835
1763 390.7762057877785
1764 113.04615384615428
1765 329.6153846153825
1766 214.47218934911393
1767 555.7085324232017
1768 377.5755102040793
1769 312.56350364963464
1770 269.6307692307687
1771 867.0571428571296
1772 323.8512635379048
1773 844.945454545443
1774 550.3335907335857
1775 156.80000000000052
1776 415.8481848184792
1777 400.00880503144253
1778 301.45853658536515
1779 121.8391608391612
1780 446.5757575757559
1781 416.96537102473377
1782 583.3239436619663
1783 130.4384364820854
1784 233.54457831325433
1785 274.0070175438585
1786 219.37700348432145
1787 309.81609195402126
1788 300.7442176870741
1789 355.07194244604136
1790 324.57315436241436
1791 350.09295774647836
1792 891.8411149825666
