1 0.3911671924289877
2 -4.598697068403922
3 0.47017543859644917
4 -7.872555205047295
5 -3.551351351351382
6 39.74944237918203
7 20.837288135593084
8 -0.09624573378843948
9 2.849999999999941
10 1.1400809716598737
11 6.320634920634866
12 -8.449999999999974
13 32.7730639730639
14 -3.344186046511666
15 24.54705882352934
16 37.0529411764705
17 9.801273885350255
18 16.357615894039654
19 -1.7589743589743918
20 0.17202797202793008
21 5.13333333333328
22 4.907865168539278
23 4.808695652173867
24 6.466666666666608
25 -1.7292418772563494
26 22.831578947368328
27 3.7148936170212252
28 -6.66644518272423
29 3.9741007194244027
30 2.100334448160492
31 13.202826855123604
32 -1.4219269102990388
33 -0.07500000000003837
34 -5.219354838709675
35 6.443205574912831
36 41.08421052631567
37 39.52704402515717
38 1.7040293040292624
39 33.91409395973143
40 27.251908396946483
41 -6.863157894736821
42 10.067109634551443
43 6.735689045936336
44 12.358041958041895
45 -2.990476190476226
46 2.475187969924768
47 -7.203007518796971
48 -5.181818181818183
49 1.7999999999999545
50 -0.28135593220343935
51 11.81184668989539
52 0.4397660818713085
53 4.028469750889631
54 11.909433962264089
55 -7.291719745222906
56 -2.6956175298805185
57 28.04912280701744
58 68.41457489878565
59 17.076923076922995
60 5.7078651685392785
61 2.7457413249210916
62 18.869964664310864
63 -0.022222222222264776
64 31.694267515923478
65 -5.095167286245358
66 -5.851963746223552
67 17.645255474452476
68 30.20424028268537
69 2.846540880503106
70 3.3789473684210023
71 29.714285714285616
72 5.010332103320987
73 36.8285714285713
74 -0.5729729729730124
75 10.477300613496887
76 2.888030888030844
77 -7.132450331125803
78 15.753846153846084
79 5.213605442176817
80 5.747712418300587
81 32.630721003134674
82 12.189368770764062
83 -2.503614457831361
84 1.7637426900584394
85 -4.358490566037755
86 0.9369863013698243
87 -6.465771812080513
88 3.2685314685314175
89 -4.272727272727289
90 0.6738351254479831
91 -7.132450331125803
92 0.14374999999995453
93 -2.656209150326834
94 6.942857142857093
95 3.458064516128978
96 3.0499999999999474
97 0.9029702970296611
98 -3.97368421052634
99 3.6499999999999524
100 8.993984962405946
101 2.3003344481604913
102 1.1769784172661382
103 -1.3697416974170054
104 42.99999999999998
105 10.203960396039534
106 36.68753993610213
107 10.207092198581499
108 6.782608695652115
109 4.290974729241832
110 -8.378397212543534
111 -4.764102564102572
112 48.13333333333355
113 3.5148936170212224
114 36.84444444444432
115 8.674924471299025
116 67.60284697508924
117 -2.377304964539043
118 -6.799999999999974
119 -4.276384839650165
120 -6.533110367892956
121 0.36879432624109043
122 0.46242038216556836
123 -2.60317460317464
124 -2.3521126760563753
125 -0.6639730639731063
126 -4.449180327868865
127 3.7428571428570976
128 17.06835443037967
129 -2.0259740259740546
130 -4.095167286245378
131 7.442293906809976
132 40.303405572755324
133 31.958389261744856
134 41.36507936507923
135 6.914285714285665
136 22.18078291814937
137 -4.7818181818181955
138 -2.0000000000000355
139 -6.322184300341277
140 -3.0944444444444805
141 1.9003344481604856
142 2.7167235494880053
143 4.046715328467098
144 12.158041958041885
145 -1.8525547445255839
146 25.477813504823082
147 -7.582524271844635
148 -1.0639730639730978
149 20.59999999999993
150 36.841064638783166
151 3.178947368420996
152 6.747712418300594
153 -1.5729729729729982
154 1.475187969924768
155 34.45245901639336
156 37.9124999999999
157 6.6300366300365745
158 21.434456928838856
159 5.762264150943352
160 -0.7272727272727622
161 -6.073239436619703
162 5.246575342465697
163 -6.978978978978953
164 -4.697689768976909
165 16.257627118643974
166 33.03356643356634
167 0.06855123674906949
168 16.263345195729464
169 46.60808080808093
170 -1.8765273311897417
171 -1.910394265233009
172 -0.36774193548391665
173 4.533333333333271
174 11.027586206896416
175 10.13509933774828
176 -4.619354838709688
177 14.227586206896461
178 32.916129032257956
179 -5.177777777777781
180 -4.964102564102568
181 11.077966101694841
182 -1.558974358974396
183 2.532530120481873
184 36.745323741007105
185 3.890974729241826
186 23.277813504823072
187 50.67131782945748
188 6.787188612099591
189 -3.870588235294143
190 8.237246963562693
191 3.9333333333332767
192 15.336395759717227
193 -6.591836734693857
194 -5.50700636942674
195 -5.323404255319151
196 6.335849056603713
197 0.3777777777777338
198 6.265573770491756
199 14.976706827309165
200 5.4136054421768165
201 -0.2285714285714704
202 68.66875000000039
203 -4.866666666666669
204 6.565034965034911
205 7.633070866141672
206 4.75704697986572
207 3.08803088803084
208 1.5256198347106888
209 -2.7292418772563494
210 -2.2842105263158317
211 -2.129241877256355
212 39.869902912621185
213 -3.1899159663865824
214 3.294736842105209
215 33.58181818181804
216 -8.056026058631895
217 24.970149253731257
218 14.395620437956133
219 -3.9736842105263435
220 8.23003663003658
221 -7.645161290322555
222 2.2559006211179664
223 10.332394366197128
224 35.26666666666658
225 1.8013422818791582
226 5.951145038167883
227 70.26891385767813
228 11.533333333333232
229 11.591044776119347
230 35.16744186046499
231 108.46666666666698
232 1.811764705882311
233 4.888235294117596
234 -7.8241486068111215
235 -1.0842105263158217
236 2.1003344481604884
237 -5.7281733746129895
238 35.00390879478815
239 49.78145695364252
240 6.243205574912828
241 -6.251963746223543
242 0.2701754385964463
243 8.112751677852295
244 -2.8620689655172775
245 3.0219178082191256
246 3.5732899022800844
247 -8.81786941580754
248 4.890909090909041
249 -4.491961414791012
250 -2.503614457831361
251 3.7488817891373394
252 -3.2845849802371845
253 5.834586466165362
254 11.722491349480912
255 7.423841059602594
256 3.688235294117593
257 26.424899598393488
258 6.165034965034913
259 10.168345323740944
260 7.066666666666613
261 15.382698961937656
262 -2.7785467128028003
263 6.535689045936344
264 11.399999999999935
265 6.765034965034914
266 42.60137457044674
267 1.0738351254479852
268 12.887147335423123
269 -8.218181818181797
270 18.194117647058754
271 2.834482758620638
272 39.62857142857134
273 12.6937759336099
274 -5.091961414791003
275 -4.558490566037751
276 -8.46950354609927
277 -2.088967971530284
278 7.011267605633748
279 -9.164983164983143
280 -4.049180327868875
281 0.869750889679672
282 -8.81786941580754
283 -7.315662650602379
284 -6.566666666666642
285 37.99999999999992
286 0.16901408450700117
287 -4.32808988764047
288 31.308681672025642
289 16.37464788732388
290 2.4182509505702967
291 41.84562737642577
292 11.610752688171964
293 35.28641114982562
294 -2.524475524475559
295 43.123076923076916
296 41.72307692307684
297 -0.08403908794791803
298 -7.425988700564945
299 29.21694915254225
300 -1.0441471571906682
301 2.4219178082191277
302 7.7127516778522995
303 37.10693069306918
304 -2.7785467128028003
305 34.86666666666658
306 5.831847133757915
307 10.48571428571423
308 11.1985018726591
309 33.54006734006724
310 11.64117647058817
311 -5.27323943661972
312 17.794117647058748
313 -3.849180327868879
314 8.393984962405959
315 2.6513409961685426
316 5.0700336700336095
317 -9.977215189873396
318 56.24087591240888
319 -5.923404255319134
320 -2.163406940063126
321 -4.491961414791012
322 41.83365695792874
323 -4.295167286245372
324 48.07716535433083
325 -2.2915662650602684
326 -7.672555205047296
327 32.55348837209293
328 -1.7935483870968056
329 25.17014925373126
330 33.34394463667812
331 40.40494699646629
332 99.97282229965192
333 2.021917808219115
334 -6.866445182724229
335 18.924637681159325
336 10.493040293040245
337 -0.4312056737589103
338 31.981949458483662
339 20.220408163265226
340 7.114285714285668
341 87.89283276450566
342 7.7142857142856585
343 3.2580645161289894
344 44.05505226480841
345 -6.142857142857121
346 1.1159609120520813
347 39.60216606498185
348 28.693247588424363
349 6.611267605633746
350 6.487719298245555
351 -3.838596491228092
352 7.142662116040903
353 3.058064516128983
354 13.412269938650219
355 12.104290429042827
356 20.90311418685114
357 14.854545454545388
358 1.8117647058823074
359 22.4720538720538
360 -1.3973597359736303
361 22.949128919860534
362 12.907692307692251
363 16.301449275362238
364 29.773063973063884
365 -5.6209790209790125
366 -4.459778597785993
367 13.378698224852002
368 35.38181818181805
369 38.272354948805365
370 20.847552447552367
371 6.514285714285663
372 28.325093632958712
373 13.104626334519509
374 91.54285714285754
375 -4.17627118644069
376 2.7692307692307274
377 -1.2142857142857508
378 33.72913385826758
379 2.201342281879146
380 -0.47692307692311076
381 30.01550387596889
382 0.26975088967967054
383 -2.7100323624595752
384 21.997468354430282
385 25.790977443608924
386 28.75107913669055
387 83.43389830508501
388 13.30769230769225
389 33.40209059233435
390 26.052427184465934
391 -1.0441471571906717
392 -6.647686832740186
393 19.84755244755234
394 0.5855072463767712
395 30.13846153846145
396 49.18145695364251
397 44.965079365079504
398 102.64223107569764
399 13.307692307692243
400 7.031884057970956
401 48.96732026143805
402 6.547712418300602
403 64.98610038610057
404 -5.835782747603821
405 9.379710144927472
406 9.461538461538396
407 -3.590476190476217
408 26.351079136690537
409 23.40750853242313
410 21.0720538720538
411 27.691503267973758
412 33.5722222222221
413 59.20559440559457
414 5.802076124567428
415 -0.8137931034483046
416 54.74707903780087
417 -7.812639405204438
418 3.890974729241833
419 -6.651963746223535
420 7.731034482758535
421 31.122923588039768
422 22.34405594405586
423 171.17810218978198
424 25.020689655172333
425 -6.751032448377558
426 98.59413919413963
427 21.956834532374017
428 -8.795092024539851
429 4.258064516128982
430 70.1122923588042
431 28.74689265536712
432 30.797026022304735
433 30.91612903225797
434 -1.2443768996960927
435 17.132947976878526
436 17.742105263157825
437 33.017391304347726
438 -2.8889679715302847
439 46.13333333333341
440 21.047552447552377
441 -3.038596491228109
442 -7.0569800569800325
443 2.0507462686566704
444 15.096167247386674
445 21.50196078431363
446 85.34612794612839
447 54.73692946058105
448 41.19298245614021
449 -6.252054794520534
450 12.320547945205398
451 49.31065292096234
452 5.2205323193915945
453 11.707692307692241
454 55.03529411764721
455 15.98032786885237
456 -4.799999999999997
457 40.77589576547214
458 76.01611721611765
459 -5.747368421052624
460 23.561128526645675
461 1.2122448979591454
462 62.36097560975625
463 34.84444444444432
464 12.105263157894662
465 5.860992907801361
466 20.21290322580637
467 43.3245674740485
468 4.890909090909048
469 9.194444444444382
470 22.647197640117867
471 -6.652054794520522
472 6.460992907801355
473 9.273684210526255
474 55.35223880597037
475 8.70967741935478
476 3.2021201413427
477 18.19365079365072
478 28.646056782334284
479 20.435114503816685
480 26.623529411764622
481 16.263345195729478
482 12.98936877076406
483 3.586885245901591
484 72.76923076923116
485 11.414035087719185
486 46.95862068965528
487 28.91777003484308
488 35.21565836298922
489 41.664788732394285
490 12.989368770764045
491 61.71543624161096
492 -5.177777777777781
493 49.851082251082374
494 76.38333333333371
495 15.812269938650253
496 -2.8620689655172775
497 -6.9324503311258034
498 10.110505836575818
499 73.37192982456165
500 -7.663157894736818
501 37.11908396946549
502 5.819455252918239
503 7.6300366300365745
504 4.6572490706319165
505 10.999999999999943
506 18.54210526315783
507 4.610332103320985
508 27.25915492957739
509 21.700621118012343
510 5.813605442176815
511 -8.727710843373469
512 20.587767584097776
513 56.36313993174089
514 2.6499999999999524
515 3.2960629921259397
516 25.203773584905584
517 33.781818181818046
518 17.580782918149332
519 41.666666666666586
520 25.54767025089597
521 -2.2765273311897474
522 5.744578313252958
523 8.662283737024168
524 78.89685534591239
525 11.200643086816662
526 7.5610389610389035
527 29.43878326996183
528 12.105263157894669
529 34.88641114982562
530 51.922580645161375
531 8.71417624521067
532 90.67222222222264
533 -9.958620689655147
534 12.733333333333277
535 44.04562737642593
536 14.131707317073086
537 4.383783783783738
538 57.26575342465773
539 4.198705501618086
540 11.853521126760498
541 16.884848484848412
542 69.78297872340454
543 -5.617266187050356
544 15.574647887323884
545 12.00779220779215
546 15.056603773584797
547 33.255696202531546
548 2.1202952029519935
549 -4.894623655913987
550 20.501960784313617
551 20.325581395348756
552 114.87158671586783
553 19.76986301369856
554 22.974592833876137
555 -8.212658227848076
556 42.642335766423315
557 52.672727272727386
558 25.423529411764612
559 -2.476527331189743
560 38.27407407407399
561 114.062585034014
562 19.2453900709219
563 27.610810810810705
564 29.65693950177929
565 73.69174311926623
566 -4.449180327868865
567 41.86206896551721
568 43.098293515358364
569 34.821529745042334
570 -5.398697068403905
571 31.041106719367484
572 -0.13144876325092625
573 3.5868852459015983
574 11.85352112676049
575 8.727526132404101
576 38.64840764331198
577 5.637037037036997
578 65.74265232974935
579 58.2760942760945
580 -1.9292418772563522
581 47.6814814814816
582 60.777104377104735
583 32.36296296296286
584 14.980327868852363
585 43.70614886731396
586 71.56911196911234
587 -6.191836734693865
588 51.55668789808931
589 16.98156996587022
590 88.7551601423491
591 35.80415224913485
592 17.675862068965444
593 14.066666666666578
594 46.347368421052735
595 48.11608391608402
596 46.674226804123805
597 76.63011583011615
598 1.1714285714285317
599 6.374683544303714
600 13.12054794520541
601 14.738888888888809
602 9.66710963455143
603 -6.124999999999982
604 0.7769784172661396
605 81.38750000000026
606 42.53956834532374
607 19.229268292682832
608 -13.664864864864851
609 126.47272727272775
610 -2.838596491228106
611 73.08648648648676
612 21.260516605165968
613 36.921985815602696
614 64.80000000000018
615 30.014814814814677
616 37.30707070707063
617 -5.1070063694267525
618 49.3735015772872
619 4.12222222222216
620 71.06666666666692
621 93.78692810457572
622 54.54788273615654
623 400.8350194552503
624 4.314285714285646
625 34.486411149825614
626 25.271264367815988
627 27.893247588424366
628 3.1588850174215466
629 -1.793548387096802
630 62.137748344371076
631 36.55214723926372
632 0.37777777777773025
633 93.18389261745033
634 26.008058608058512
635 7.200687285223307
636 47.50704225352122
637 -2.8385964912281096
638 42.88695652173914
639 130.8000000000006
640 174.8901960784323
641 168.88571428571484
642 38.071698113207425
643 60.681967213115016
644 18.209205020920386
645 35.640579710144834
646 6.888135593220255
647 24.95055350553497
648 -2.1298245614035345
649 -14.922580645161275
650 6.487947882736108
651 154.75224913494884
652 144.6910299003332
653 83.11221122112252
654 93.15789473684248
655 18.90495049504942
656 50.00689655172428
657 38.51794871794862
658 34.77588652482258
659 -5.419354838709671
660 56.50344827586224
661 -1.1626168224299462
662 27.270671378091762
663 0.45329512893979285
664 70.56789297658906
665 -3.7086419753086695
666 17.70996563573874
667 78.088607594937
668 3.267532467532419
669 225.98762214983876
670 -3.0273972602740074
671 44.82499999999999
672 82.23943661971863
673 14.001556420233399
674 70.90324909747312
675 55.77971014492766
676 1.758885017421548
677 104.46337448559736
678 49.60565371024744
679 29.789473684210428
680 45.200000000000074
681 18.324637681159352
682 72.5894736842107
683 16.41904761904754
684 32.74394463667812
685 34.71780821917794
686 5.830618892508102
687 74.65685618729132
688 -8.307317073170708
689 60.20000000000016
690 27.879553903345645
691 -2.7292418772563494
692 31.7350649350648
693 18.63511450381666
694 155.8075187969935
695 171.40645161290422
696 16.657627118643966
697 27.4192439862542
698 38.85789473684199
699 41.52307692307679
700 48.324232081911475
701 78.86706948640524
702 -2.3521126760563718
703 70.02710622710644
704 35.80743034055716
705 10.203960396039541
706 34.90035842293894
707 11.704626334519489
708 146.50000000000063
709 0.4697508896796734
710 -0.6824427480916384
711 38.366355140186826
712 371.8625429553248
713 4.703630363036233
714 38.570370370370256
715 -9.206405693950153
716 20.263565891472794
717 185.6129870129882
718 92.46713286713319
719 7.67123287671226
720 55.328057553956995
721 30.82056074766345
722 20.569863013698544
723 143.61118881118946
724 -6.261016949152529
725 -6.104477611940283
726 95.66451612903262
727 81.84242424242457
728 30.22516556291375
729 1.1030303030302662
730 35.24444444444434
731 58.2222222222224
732 -0.4682170542636044
733 9.727526132404108
734 33.13851590105978
735 -5.971428571428557
736 15.579865771812003
737 10.979310344827525
738 23.144055944055843
739 48.68957055214737
740 37.04768211920515
741 68.82249240121615
742 -7.684981684981665
743 73.32727272727301
744 15.177011494252802
745 7.290476190476127
746 47.466869300911966
747 37.28970099667761
748 10.90526315789468
749 47.60565371024745
750 57.205594405594624
751 25.977358490565948
752 210.35830618892686
753 85.75129151291546
754 41.40808080808068
755 114.3898089171984
756 25.804240282685335
757 59.33992932862216
758 7.7275261324041224
759 9.140540540540485
760 0.667532467532439
761 28.005940594059297
762 83.22162162162185
763 16.657627118643973
764 5.135689045936342
765 11.863345195729416
766 48.76144578313259
767 92.48169014084539
768 -9.838888888888862
769 34.23356643356634
770 78.09824561403539
771 0.7040293040292696
772 13.703797468354352
773 -0.85396825396829
774 5.922222222222164
775 103.00650406504101
776 54.443750000000165
777 144.05035971223077
778 38.86376811594191
779 25.059154929577353
780 84.8722222222228
781 76.6057507987224
782 8.471232876712264
783 110.91010452961714
784 43.46086956521741
785 3.74485049833881
786 2.834482758620638
787 146.96363636363722
788 134.0877742946717
789 30.197026022304726
790 76.66384364820884
791 145.85217391304408
792 7.288135593220282
793 73.97037037037065
794 21.087581699346337
795 -6.620979020978995
796 44.83636363636367
797 -2.476527331189743
798 27.889250814332122
799 36.99298245614014
800 10.707462686567013
801 43.536690647482054
802 43.41558441558436
803 -3.862068965517267
804 96.62140221402284
805 184.66486486486608
806 32.465060240963744
807 4.364261168384832
808 9.298442367601194
809 206.06896551724236
810 -2.8000000000000327
811 15.587096774193455
812 98.1141914191426
813 -4.324183006535964
814 6.503630363036244
815 179.46984126984225
816 72.6216216216218
817 57.51525423728833
818 -8.045161290322554
819 13.794117647058705
820 0.7714285714285332
821 24.100358422938797
822 124.2666666666671
823 166.7277566539934
824 16.75971223021572
825 40.44107744107733
826 59.60259740259757
827 36.507552870090514
828 272.51678832116846
829 0.39708029197075234
830 12.765467625899198
831 -7.543283582089529
832 78.79718309859184
833 -2.0737864077670167
834 57.5513513513515
835 35.24768211920513
836 14.901639344262236
837 1.9789473684209895
838 -12.593155893536107
839 -9.856140350877167
840 196.67299270073244
841 46.692617449664496
842 26.733333333333242
843 -6.510344827586188
844 35.33114754098349
845 54.02325581395367
846 0.9030303030302633
847 161.94482758620757
848 7.135849056603732
849 46.86755852842826
850 105.74965034965075
851 145.60000000000053
852 82.37850162866482
853 -13.090909090909078
854 70.75492957746509
855 162.83225806451716
856 42.17873754152803
857 -4.672727272727281
858 4.246575342465707
859 67.12972972972997
860 88.02456140350914
861 21.36344086021498
862 25.139534883720806
863 78.10243902439043
864 24.374999999999872
865 -7.10447761194027
866 41.41418439716297
867 39.39999999999977
868 17.087179487179377
869 21.17459283387612
870 81.39668508287319
871 36.384810126582146
872 127.90494296578024
873 34.964948453608095
874 32.75094339622633
875 26.91428571428552
876 43.38888888888891
877 56.522302158273476
878 53.17349397590375
879 -14.655172413793087
880 -4.495167286245371
881 3.7789473684209973
882 156.9227414330229
883 148.5911262798649
884 253.7003952569167
885 110.96516516516601
886 75.60000000000042
887 154.15570032573427
888 256.2769230769227
889 5.573122529644202
890 218.73333333333477
891 59.27292418772586
892 165.38064516129114
893 27.117770034843055
894 93.19422382671529
895 31.490909090908914
896 142.8826446280999
897 72.12346570397142
898 32.76774193548369
899 42.06111111111099
900 93.64713804713834
901 142.54558303886972
902 118.66666666666725
903 387.61548821548257
904 -13.323843416370092
905 16.47272727272719
906 29.901408450704118
907 74.42798634812318
908 107.13220338983089
909 53.0454849498329
910 62.64710424710441
911 4.5837837837837405
912 22.006060606060437
913 160.85841924398719
914 37.426573426573256
915 71.42798634812313
916 93.4439716312061
917 17.762682215743354
918 -5.030976430976429
919 51.67609427609439
920 40.22686567164168
921 96.33834586466206
922 44.291814946619326
923 102.27027027027063
924 68.68921933085527
925 22.007508532423138
926 135.81818181818238
927 18.84755244755233
928 23.78233438485799
929 187.62424242424325
930 254.87859424920123
931 51.9309352517987
932 -12.861538461538446
933 84.89315960912101
934 -1.0639730639730978
935 22.87955390334558
936 282.8969696969689
937 12.899290780141754
938 322.15294117646994
939 46.61958041958053
940 86.63131672597905
941 3.207751937984451
942 355.4494208494181
943 22.14405594405583
944 31.528522336769612
945 26.419178082191685
946 6.666666666666611
947 33.630769230769125
948 2.5030303030302647
949 100.46851211072702
950 29.04383561643828
951 48.89118773946369
952 289.20487804878064
953 144.17419354838776
954 378.1202614379047
955 57.263157894737105
956 18.946391752577206
957 287.618181818181
958 -14.891262135922313
959 -12.726848249027222
960 331.23749999999853
961 62.12907801418456
962 263.7894736842098
963 46.810526315789545
964 15.25454545454538
965 52.86470588235311
966 135.38650306748553
967 272.3096774193544
968 189.03568773234306
969 59.485409252669356
970 137.59219219219307
971 122.67417218543108
972 76.7710610932479
973 221.83949044586137
974 201.64912280701816
975 147.87628865979443
976 111.86122448979623
977 42.281081081081
978 44.84790874524725
979 61.68421052631595
980 32.62066420664194
981 60.20000000000033
982 217.44964539007233
983 76.75471698113242
984 358.84626334519317
985 140.61081081081147
986 311.578378378378
987 125.74545454545523
988 37.848407643311994
989 90.52125984252004
990 68.31079136690673
991 89.66713286713322
992 73.38333333333377
993 125.27500000000074
994 89.23678160919572
995 47.25270758122748
996 85.25704467353988
997 68.72028469750927
998 254.92658227848153
999 1.2738351254479916
1000 44.226911314984704
1001 133.0563380281697
1002 121.81132075471763
1003 210.29559748427783
1004 122.63344051447007
1005 -4.9552795031055865
1006 124.90184501845107
1007 48.666666666666785
1008 157.57843866171072
1009 91.48788927335663
1010 49.65175718849848
1011 6.88771929824556
1012 189.42424242424372
1013 731.170226537204
1014 98.63649635036523
1015 75.62798634812326
1016 1.2013422818791497
1017 43.175084175084145
1018 37.542465753424544
1019 9.722491349480904
1020 153.01463414634298
1021 58.92972972972993
1022 129.08906882591154
1023 -13.636619718309843
1024 40.32432432432423
1025 268.5243243243242
1026 305.3455782312916
1027 33.69552238805956
1028 516.74285714285
1029 22.77142857142848
1030 156.16614420062828
1031 11.669841269841207
1032 -9.249999999999972
1033 106.79876160990796
1034 101.3016722408033
1035 59.70209790209812
1036 57.4438871473356
1037 20.80750853242312
1038 -6.144186046511603
1039 181.9503546099301
1040 99.06647564469954
1041 327.85882352941087
1042 48.160283687943405
1043 189.07796610169552
1044 305.0212927756646
1045 366.16756756756536
1046 359.44290429042655
1047 77.20206185567045
1048 61.48421052631603
1049 201.67814569536532
1050 503.5503759398444
1051 295.4325878594243
1052 8.54266211604089
1053 80.56747404844339
1054 28.806600660065847
1055 291.7423728813551
1056 282.0673400673397
1057 166.36410256410332
1058 169.2691029900344
1059 98.37177914110507
1060 454.6817204301031
1061 330.5808049535582
1062 6.982608695652118
1063 225.92222222222387
1064 209.06842105263217
1065 120.37183098591603
1066 -8.793272171253786
1067 71.35609756097581
1068 346.1647058823515
1069 152.6162162162174
1070 60.76097560975636
1071 58.68196721311499
1072 333.13684210526105
1073 62.70126582278503
1074 555.3714285714215
1075 115.5940074906375
1076 116.9333333333337
1077 289.1999999999996
1078 133.09530685920635
1079 22.454054054053977
1080 137.62439024390315
1081 18.289138576778946
1082 189.9897435897445
1083 101.58892733564046
1084 538.1111111111027
1085 111.79442508710852
1086 298.43636363636335
1087 337.37441077440906
1088 244.17500000000007
1089 339.4248062015499
1090 51.22035928143724
1091 94.42291021671873
1092 146.76640826873466
1093 228.72893982808193
1094 416.330434782606
1095 57.13774834437109
1096 48.742857142857275
1097 268.557491289198
1098 114.57241379310395
1099 879.5221843003219
1100 470.4547854785447
1101 509.8025477706931
1102 18.419607843137186
1103 904.6999999999856
1104 262.8195372750646
1105 336.28732394366176
1106 373.29022556390714
1107 363.1714285714266
1108 -3.025974025974051
1109 131.72167832167906
1110 140.90158730158794
1111 285.6181818181801
1112 287.19572953736593
1113 243.76986301369868
1114 184.8822006472504
1115 82.59550561797799
1116 34.11780821917793
1117 314.34736842104996
1118 58.80289855072479
1119 892.5925925925761
1120 136.96529968454337
1121 910.1999999999911
1122 12.745276872964112
1123 916.499999999992
1124 170.45815602836996
1125 565.787878787874
1126 243.8582781456958
1127 4.203300330032953
1128 852.7051094890348
1129 738.7885304659394
1130 287.7943925233642
1131 419.2675767918047
1132 510.59999999999434
1133 282.4823529411747
1134 425.5818181818141
1135 149.32441471572014
1136 348.95932203389646
1137 352.76113074204846
1138 535.7738515900994
1139 360.71891891891767
1140 669.5783783783654
1141 790.1369863013539
1142 424.5142857142824
1143 327.52835820895365
1144 437.643902439021
1145 431.7931034482691
1146 637.2126984126925
1147 95.945454545455
1148 0.37142857142853103
1149 16.642906574394416
1150 3.002120141342708
1151 536.6628930817506
1152 365.1232974910368
1153 548.0470588235238
1154 289.2904109589035
1155 193.60512820512923
1156 540.5731448763217
1157 316.839436619718
1158 67.49610389610406
1159 255.58954248366007
1160 47.64023668639065
1161 247.19999999999993
1162 284.6233128834346
1163 123.47773851590142
1164 893.8436090225408
1165 413.9104895104871
1166 567.415873015869
1167 134.68417508417562
1168 96.42899628252825
1169 426.88124999999746
1170 846.2296296296171
1171 346.9633587786254
1172 388.03741007194014
1173 302.3061889250801
1174 126.81276595744754
1175 141.21818181818225
1176 840.1103678929591
1177 216.78073089701118
1178 412.294352159464
1179 283.9374149659856
1180 399.39459459459215
1181 106.83292181069999
1182 13.254545454545358
1183 113.07460815047068
1184 358.76923076922924
1185 -7.198586572438133
1186 578.4531468531408
1187 655.4119402984969
1188 260.1848101265822
1189 302.4698795180723
1190 -14.85793871866293
1191 -14.383333333333315
1192 549.7011494252831
1193 134.70494296578005
1194 246.31524163568798
1195 315.7587548638121
1196 349.0054054054045
1197 588.3409395973093
1198 68.10370370370394
1199 311.1455782312916
1200 641.0569105691018
1201 584.1986159169527
1202 32.773770491803205
1203 101.37931034482811
1204 440.76677316293404
1205 382.63018867924
1206 634.0753623188361
1207 122.76254980079719
1208 391.90070921985625
1209 110.4165413533839
1210 359.78048780487677
1211 162.75202952029565
1212 883.5007092198499
1213 258.60534124629066
1214 50.96732026143809
1215 697.9837837837717
1216 247.99748427672944
1217 599.4518518518455
1218 319.0137931034465
1219 141.20519480519593
1220 221.15189873417864
1221 313.97639751552566
1222 332.09677419354745
1223 300.7555555555543
1224 534.7193798449598
1225 174.0964539007106
1226 331.3333333333317
1227 61.99179810725576
1228 215.6473684210532
1229 103.13333333333362
1230 42.271698113207506
1231 838.933333333319
1232 184.48391167192517
1233 219.69135802469273
1234 -14.330434782608677
1235 115.73382899628288
1236 281.3729729729728
1237 225.7352941176484
1238 95.34809688581349
1239 141.61818181818222
1240 180.94362416107464
1241 244.39776951672877
1242 560.6620462046163
1243 599.1773851590049
1244 259.7876543209881
1245 247.25263157894682
1246 150.99259259259307
1247 302.813071895424
1248 398.8468646864667
1249 441.59233226836835
1250 216.39354838709798
1251 122.6351648351654
1252 326.4366559485507
1253 635.4466431095333
1254 278.6827586206884
1255 694.486287625408
1256 609.2335766423297
1257 300.0214511040996
1258 175.55000000000206
1259 124.64854368932092
1260 563.9885350318367
1261 33.50881458966549
1262 364.23971631205575
1263 -1.0137931034483145
1264 346.21580547112364
1265 25.515057915057803
1266 277.41476510067065
1267 737.0516129032175
1268 920.2264150943312
1269 127.74193548387126
1270 249.41003134796256
1271 290.0181818181805
1272 451.31512915128894
1273 115.3555555555561
1274 412.51603053435014
1275 637.4157894736742
1276 674.0038338658067
1277 252.14782608695634
1278 583.7178807946958
1279 54.571974522293175
1280 862.585034013595
1281 232.17674418604702
1282 851.3438127090125
1283 900.194366197167
1284 642.595498392274
1285 188.3610942249254
1286 347.5471698113183
1287 886.9979797979626
1288 877.1945945945773
1289 1.7003322259135771
1290 293.0823151125393
1291 597.209386281584
1292 335.45387453874434
1293 280.30909090909137
1294 129.0915254237293
1295 643.4870748299251
1296 406.41791044775806
1297 276.6604810996556
1298 107.11485148514893
1299 631.8411960132801
1300 368.74426229507964
1301 545.1096774193531
1302 321.77894736841927
1303 533.1435897435881
1304 233.43949044586083
1305 574.1999999999961
1306 411.70250896056996
1307 237.62500000000034
1308 375.5555555555541
1309 298.99061371841015
1310 363.6417910447734
1311 528.2047781569888
1312 332.7649122806996
1313 435.624242424241
1314 331.992592592591
1315 255.2866242038217
1316 22.44755244755237
1317 539.3238095238024
1318 301.0776119402967
1319 130.67509025270795
1320 710.7216374268902
1321 621.5323420074292
1322 520.3575757575703
1323 203.04720496894456
1324 305.60992907801375
1325 396.4619047619021
1326 376.63243243242994
1327 615.2277777777692
1328 397.6533762057838
1329 44.19534883720932
1330 542.5794871794835
1331 310.0176470588231
1332 153.4000000000007
1333 267.34317343173376
1334 102.73576642335809
1335 390.0198675496676
1336 337.05387453874425
1337 276.6666666666662
1338 182.1390029325523
1339 251.47567567567575
1340 64.52362459546956
1341 431.8965034965022
1342 385.8243902439005
1343 77.99310344827616
1344 877.3118644067665
1345 902.4951672862354
1346 460.2727272727234
1347 148.57222222222302
1348 697.7159420289787
1349 203.7660130718964
1350 154.24460431654737
1351 382.76043956043833
1352 140.69096989966653
1353 416.8944444444425
1354 244.18014184397197
1355 668.0990228012927
1356 188.18461538461636
1357 847.0857142856978
1358 308.28767123287514
1359 287.91884057970907
1360 522.5424657534213
1361 284.3266187050355
1362 -12.151807228915647
1363 679.568421052622
1364 233.73239436619886
1365 366.34371257484776
1366 362.4372990353673
1367 325.500928792569
1368 468.3321799307933
1369 405.8666666666627
1370 933.8999999999892
1371 887.1887323943508
1372 29.97735849056597
1373 736.4479704797005
1374 203.19856115108027
1375 882.6058823529282
1376 2.405405405405361
1377 855.7818181818069
1378 454.1267605633776
1379 390.97370030580765
1380 904.3591695501664
1381 605.1213483146023
1382 242.15880398671135
1383 310.9093525179846
1384 249.0962962962967
1385 317.13797909407555
1386 720.8421404682156
1387 249.0134228187918
1388 215.98734177215334
1389 134.54811715481216
1390 506.9272727272682
1391 559.6956521739097
1392 318.8918032786877
1393 500.130069930067
1394 250.3306930693068
1395 330.66666666666475
1396 209.741935483872
1397 895.9714285714139
1398 -13.608633093525166
1399 447.89863013698374
1400 258.09826989619336
1401 404.95522388059385
1402 50.27279151943469
1403 363.22857142857
1404 298.8743202416903
1405 856.2508710801261
1406 871.7042253520987
1407 912.9999999999893
1408 1.6901408450703563
1409 460.3570469798629
1410 932.7999999999862
1411 382.88387096774153
1412 345.6967320261409
1413 -16.60804953560371
1414 632.2529801324458
1415 361.4936170212757
1416 318.22229965156697
1417 252.75426621160392
1418 802.2451612903168
1419 406.32727272726885
1420 616.2980891719633
1421 218.8666666666672
1422 318.7541547277921
1423 513.4912891986017
1424 399.59845559845286
1425 335.7782101167304
1426 312.5217993079578
1427 554.4408163265282
1428 318.99617834394724
1429 603.1835616438291
1430 923.8480620154988
1431 305.74880546074957
1432 290.07687296416833
1433 445.1086142322068
1434 611.902912621352
1435 592.885436893197
1436 704.541843971624
1437 163.02798833819307
1438 65.9897810218981
1439 566.121611721608
1440 550.5522012578531
1441 342.148837209301
1442 82.42424242424264
1443 425.82807017543485
